Theta,RCS_dBsm
0.0,21.300938052351302
0.01,21.296537512312472
0.02,21.283342005913607
0.03,21.26136755439475
0.04,21.23064098313224
0.05,21.19120010439568
0.06,21.143093968401956
0.07,21.0863831776143
0.08,21.02114025743716
0.09,20.947450074398116
0.1,20.86541029053627
0.11,20.775131839987395
0.12,20.676739410634994
0.13,20.570371910162848
0.14,20.45618289190122
0.15,20.33434091153258
0.16,20.2050297810811
0.17,20.068448681764096
0.18,19.92481209240159
0.19,19.77434948539711
0.2,19.617304738123543
0.21,19.45393520425798
0.22,19.284510387666316
0.23,19.10931016135909
0.24,18.928622476388078
0.25,18.742740510882133
0.26,18.551959218238743
0.27,18.356571246175434
0.28,18.156862215073616
0.29,17.953105364695226
0.3,17.745555602408597
0.31,17.534443012566317
0.32,17.31996591418727
0.33,17.102283580697932
0.34,16.881508758887016
0.35000000000000003,16.657700141909668
0.36,16.430854960613257
0.37,16.200901856398527
0.38,15.96769418556137
0.39,15.731003878669156
0.4,15.490515939045013
0.41000000000000003,15.245823612898057
0.42,14.996424201943249
0.43,14.741715420002437
0.44,14.480992120742552
0.45,14.213443146730443
0.46,13.938147971822385
0.47000000000000003,13.654072729567766
0.48,13.360065137831691
0.49,13.054847739776141
0.5,12.737008776174099
0.51,12.404989872434204
0.52,12.05706954937469
0.53,11.691341326508562
0.54,11.305684847133325
0.55,10.897727967225379
0.56,10.46479704209738
0.5700000000000001,10.003851603651084
0.58,9.511398069068392
0.59,8.983374769839621
0.6,8.414996954692015
0.61,7.800544668318946
0.62,7.133067057000493
0.63,6.403960963924595
0.64,5.602354379396233
0.65,4.714175756114811
0.66,3.7206956436092513
0.67,2.5961356347130087
0.68,1.303522960387408
0.6900000000000001,-0.21302267328107394
0.7000000000000001,-2.044031791472989
0.71,-4.351172314251861
0.72,-7.469302767330184
0.73,-12.297752757168201
0.74,-23.30095147725865
0.75,-18.598897407824182
0.76,-10.800177312925438
0.77,-6.796572614148294
0.78,-4.118582520915914
0.79,-2.1226514443172375
0.8,-0.5451372997832966
0.81,0.7478166370666903
0.8200000000000001,1.8334905585505388
0.8300000000000001,2.760521124900417
0.84,3.5614782872337667
0.85,4.259217171061488
0.86,4.870370404081083
0.87,5.407398354733342
0.88,5.879857319373794
0.89,6.295218128052723
0.9,6.65941360127099
0.91,6.977215766707091
0.92,7.252502471010126
0.93,7.4884499790344154
0.9400000000000001,7.6876747552633
0.9500000000000001,7.852339554024125
0.96,7.984233935494927
0.97,8.084836129849132
0.98,8.155361087092054
0.99,8.196798163103995
1.0,8.209940955992312
1.01,8.195411169756605
1.02,8.153677950707692
1.03,8.085073858028245
1.04,7.9898084586396765
1.05,7.86798045981083
1.06,7.719589305088097
1.07,7.5445472659528985
1.08,7.342693280759994
1.09,7.1138101554548605
1.1,6.857647295878291
1.11,6.573951959110537
1.12,6.262513186562066
1.1300000000000001,5.923224235395102
1.1400000000000001,5.556171592762088
1.1500000000000001,5.161761648105157
1.16,4.740899786125597
1.17,4.295240636359143
1.18,3.827531161826651
1.19,3.3420670083903947
1.2,2.8452704833667513
1.21,2.3463639674581107
1.22,1.8580387802417395
1.23,1.3968926888871316
1.24,0.9832442483829678
1.25,0.6398203419159723
1.26,0.3889536719648778
1.27,0.24852384660772675
1.28,0.22781675122279216
1.29,0.3250795779460973
1.3,0.5280216116252299
1.31,0.8169944160645566
1.32,1.1692892442330913
1.33,1.5628737841693596
1.34,1.9787028899116024
1.35,2.401615442481114
1.36,2.820268307655641
1.37,3.22659105035004
1.3800000000000001,3.615099438457359
1.3900000000000001,3.9822478678156386
1.4000000000000001,4.325891621396762
1.41,4.644870664450086
1.42,4.938700993994441
1.43,5.207351989122464
1.44,5.45108882772764
1.45,5.670362554180871
1.46,5.865734361989574
1.47,6.037824153520389
1.48,6.187276209542471
1.49,6.314736881249439
1.5,6.42084073268697
1.51,6.5062026470608
1.52,6.571414181514363
1.53,6.617043001297439
1.54,6.643634612177001
1.55,6.6517158872619735
1.56,6.6418000849173096
1.57,6.614393201687003
1.58,6.570001614255903
1.59,6.509141048111088
1.6,6.432346974178639
1.61,6.340186581315697
1.62,6.23327250196986
1.6300000000000001,6.112278477192535
1.6400000000000001,5.97795712854572
1.6500000000000001,5.831159947214928
1.6600000000000001,5.67285949913794
1.67,5.504173658629491
1.68,5.326391397062244
1.69,5.140999241062396
1.7,4.949706953386416
1.71,4.754470269756449
1.72,4.557507666704941
1.73,4.361307211298481
1.74,4.168618704032225
1.75,3.982425821172162
1.76,3.805893141596565
1.77,3.642284208858309
1.78,3.4948494748389516
1.79,3.3666871938515817
1.8,3.2605857196459134
1.81,3.1788612322219008
1.82,3.1232091882855006
1.83,3.094589116155691
1.84,3.0931596473918206
1.85,3.1182739272122193
1.86,3.1685361901722437
1.87,3.2419107252393204
1.8800000000000001,3.3358671644149025
1.8900000000000001,3.4475426263100406
1.9000000000000001,3.573901982681594
1.9100000000000001,3.7118814218603053
1.92,3.8585059604563865
1.93,4.010977049448509
1.94,4.166730866314835
1.95,4.323470825448304
1.96,4.479179312430319
1.97,4.6321139719051
1.98,4.7807934569586665
1.99,4.9239767423340295
2.0,5.060639180992508
2.0100000000000002,5.189947608579847
2.02,5.311236056192515
2.0300000000000002,5.423983045206056
2.04,5.527791002697601
2.05,5.622368030263251
2.06,5.70751205597438
2.07,5.783097273086215
2.08,5.8490626979441505
2.09,5.905402645921095
2.1,5.952158915072355
2.11,5.989414473055232
2.12,6.0172884571401175
2.13,6.035932315383793
2.14,6.045526936334734
2.15,6.0462806331541605
2.16,6.038427864645079
2.17,6.022228589734499
2.18,5.9979681630935175
2.19,5.965957687620852
2.2,5.926534744380538
2.21,5.880064422251287
2.22,5.826940568042973
2.23,5.7675871732476045
2.24,5.702459806075844
2.25,5.632046987271224
2.2600000000000002,5.556871395845505
2.27,5.477490777043145
2.2800000000000002,5.394498410533348
2.29,5.308522983439468
2.3000000000000003,5.220227702178663
2.31,5.130308471467368
2.32,5.039490970917482
2.33,4.948526472318954
2.34,4.858186266888605
2.35,4.769254613985354
2.36,4.682520182665961
2.37,4.598766035102902
2.38,4.5187582943201035
2.39,4.443233743347355
2.4,4.37288671137528
2.41,4.308355704865261
2.42,4.250210326107673
2.43,4.198939076286614
2.44,4.154938653973604
2.45,4.118505325826403
2.46,4.0898288619900205
2.47,4.0689893984407375
2.48,4.055957422768581
2.49,4.0505968943277635
2.5,4.052671322970757
2.5100000000000002,4.061852461559267
2.52,4.077731132271076
2.5300000000000002,4.099829616574706
2.54,4.127614998542032
2.5500000000000003,4.160512859491872
2.56,4.197920772016786
2.57,4.239221122809391
2.58,4.283792894291629
2.59,4.331022142995857
2.6,4.380311017733797
2.61,4.431085255105933
2.62,4.48280016893352
2.63,4.534945211448925
2.64,4.58704722743919
2.65,4.63867254944907
2.66,4.689428095028571
2.67,4.738961628707224
2.68,4.786961344780879
2.69,4.8331549147573325
2.7,4.877308127684242
2.71,4.919223234381043
2.72,4.958737089174972
2.73,4.99571916604903
2.74,5.030069510761546
2.75,5.061716676835171
2.7600000000000002,5.090615681478865
2.77,5.116746007503413
2.7800000000000002,5.140109669020713
2.79,5.160729352035441
2.8000000000000003,5.17864663576327
2.81,5.19392029646045
2.82,5.206624692541525
2.83,5.216848227629098
2.84,5.224691886767068
2.85,5.230267840205124
2.86,5.233698108808361
2.87,5.235113285163906
2.88,5.234651304758666
2.89,5.232456262118371
2.9,5.228677267464342
2.91,5.223467340209147
2.92,5.2169823364296946
2.93,5.209379908287821
2.94,5.200818494180903
2.95,5.1914563391706015
2.96,5.181450545932748
2.97,5.17095615707682
2.98,5.160125270187019
2.99,5.149106187327583
3.0,5.138042601029334
3.0100000000000002,5.127072818934163
3.02,5.116329029323245
3.0300000000000002,5.105936609703653
3.04,5.096013480491645
3.0500000000000003,5.086669505624655
3.06,5.078005941677896
3.0700000000000003,5.0701149367771485
3.08,5.063079080304911
3.09,5.056971004112704
3.1,5.051853035696878
3.11,5.047776903577027
3.12,5.044783494949452
3.13,5.042902665573864
3.14,5.042153101789994
