Theta(deg) Phi(deg) RCS(dBsm)
0.0 0.0 -28.634216808956285
1.0 0.0 -28.634279410048467
2.0 0.0 -28.636774414281806
3.0000000000000004 0.0 -28.641702393239616
4.0 0.0 -28.649064924124946
5.0 0.0 -28.658864590407667
6.000000000000001 0.0 -28.671104983595118
7.0 0.0 -28.68579070611018
8.0 0.0 -28.70292737525598
9.0 0.0 -28.722521628242866
10.0 0.0 -28.744581128251227
11.0 0.0 -28.769114571496452
12.000000000000002 0.0 -28.796131695258808
13.0 0.0 -28.825643286833767
14.0 0.0 -28.857661193350918
14.999999999999998 0.0 -28.89219833240044
16.0 0.0 -28.929268703396414
17.0 0.0 -28.968887399593704
18.0 0.0 -29.01107062066068
19.0 0.0 -29.055835685694266
20.0 0.0 -29.103201046543532
21.0 0.0 -29.153186301286645
22.0 0.0 -29.205812207678616
23.0 0.0 -29.261100696357666
24.000000000000004 0.0 -29.31907488356235
25.0 0.0 -29.379759083069928
26.0 0.0 -29.443178817019415
27.0 0.0 -29.5093608252265
28.0 0.0 -29.578333072533034
29.000000000000004 0.0 -29.650124753659345
29.999999999999996 0.0 -29.724766294939492
31.0 0.0 -29.802289352220765
32.0 0.0 -29.88272680408796
33.0 0.0 -29.966112739440746
34.0 0.0 -30.052482438291207
35.0 0.0 -30.141872344466943
36.0 0.0 -30.23432002869104
37.0 0.0 -30.32986414026338
38.0 0.0 -30.42854434527952
39.0 0.0 -30.53040124899077
40.0 0.0 -30.635476299520633
41.0 0.0 -30.74381166970364
42.0 0.0 -30.85545011329085
43.0 0.0 -30.97043479116057
44.0 0.0 -31.088809062472652
45.0 0.0 -31.210616234890836
46.0 0.0 -31.33589926705961
47.0 0.0 -31.464700415436546
48.00000000000001 0.0 -31.59706081632965
49.0 0.0 -31.73301999255045
50.0 0.0 -31.87261527244345
51.0 0.0 -32.01588110716513
52.0 0.0 -32.16284826994013
53.0 0.0 -32.31354291859272
54.0 0.0 -32.46798549992311
55.0 0.0 -32.62618947145872
56.0 0.0 -32.788159812764775
57.00000000000001 0.0 -32.9538912948714
58.00000000000001 0.0 -33.12336647251754
59.00000000000001 0.0 -33.29655335993185
59.99999999999999 0.0 -33.473402746926276
61.0 0.0 -33.65384510842563
62.0 0.0 -33.837787057571596
63.0 0.0 -34.02510729076005
64.0 0.0 -34.215651973143125
65.0 0.0 -34.4092295162822
66.0 0.0 -34.60560470712735
67.0 0.0 -34.80449216109664
68.0 0.0 -35.00554909396302
69.0 0.0 -35.20836744024587
70.0 0.0 -35.41246539303274
71.0 0.0 -35.617278505107265
72.0 0.0 -35.82215057741619
73.0 0.0 -36.02632467115585
74.0 0.0 -36.228934715443536
75.0 0.0 -36.428998342078074
76.0 0.0 -36.625411755907464
77.0 0.0 -36.81694763038013
78.0 0.0 -37.00225718018836
79.0 0.0 -37.1798776726997
80.0 0.0 -37.34824665230982
81.0 0.0 -37.50572401433389
82.0 0.0 -37.65062272514672
83.0 0.0 -37.78124840427522
84.0 0.0 -37.89594715548654
85.0 0.0 -37.99316000290369
86.0 0.0 -38.07148116605135
87.0 0.0 -38.12971637102115
88.0 0.0 -38.1669366622232
89.0 0.0 -38.1825229634712
90.0 0.0 -38.176197083014706
91.0 0.0 -38.148035982605705
92.0 0.0 -38.098467798609434
93.0 0.0 -38.028250039780744
94.0 0.0 -37.938432246813875
95.0 0.0 -37.83030685866221
96.00000000000001 0.0 -37.70535286968818
97.0 0.0 -37.56517701063778
98.0 0.0 -37.41145672380093
99.0 0.0 -37.24588831067247
100.0 0.0 -37.07014253156998
101.0 0.0 -36.88582883585925
102.0 0.0 -36.694468448372454
103.0 0.0 -36.497475813984344
104.0 0.0 -36.29614742875569
105.00000000000001 0.0 -36.091656839636165
106.0 0.0 -35.88505452876259
107.0 0.0 -35.677271459062666
108.0 0.0 -35.46912519527795
109.0 0.0 -35.26132768843034
110.0 0.0 -35.0544939932636
111.0 0.0 -34.849151358824834
112.0 0.0 -34.64574828202524
113.0 0.0 -34.4446632386842
114.00000000000001 0.0 -34.24621290610553
115.0 0.0 -34.05065976781067
116.00000000000001 0.0 -33.858219047900725
117.0 0.0 -33.66906496317182
118.00000000000001 0.0 -33.48333630895121
119.0 0.0 -33.3011414126439
119.99999999999999 0.0 -33.12256249968883
121.0 0.0 -32.947659522047886
122.0 0.0 -32.77647350106786
123.00000000000001 0.0 -32.60902943577779
124.0 0.0 -32.445338825302485
125.00000000000001 0.0 -32.285401850745785
126.0 0.0 -32.12920925807944
127.00000000000001 0.0 -31.976743979587965
128.0 0.0 -31.82798252747834
129.0 0.0 -31.682896189494866
130.0 0.0 -31.541452052871115
131.0 0.0 -31.40361387973474
132.0 0.0 -31.269342854176926
133.0 0.0 -31.138598218601405
134.0 0.0 -31.011337814662625
135.0 0.0 -30.88751854207263
136.0 0.0 -30.767096746774293
137.0 0.0 -30.650028548421826
138.0 0.0 -30.53627011575616
139.0 0.0 -30.425777897284068
140.0 0.0 -30.318508813652258
141.0 0.0 -30.21442041722327
142.0 0.0 -30.113471023599804
143.0 0.0 -30.015619819184177
144.0 0.0 -29.920826948293005
145.0 0.0 -29.82905358285773
146.0 0.0 -29.74026197731936
147.0 0.0 -29.654415510963453
148.0 0.0 -29.57147871962801
149.0 0.0 -29.491417318446924
150.0 0.0 -29.41419821706127
151.0 0.0 -29.339789528528723
152.0 0.0 -29.26816057299126
153.0 0.0 -29.1992818770115
154.0 0.0 -29.133125169361584
155.0 0.0 -29.069663373937505
156.0 0.0 -29.00887060037778
157.0 0.0 -28.95072213288318
158.0 0.0 -28.895194417664545
159.0 0.0 -28.842265049384338
160.0 0.0 -28.79191275690609
161.0 0.0 -28.744117388620904
162.0 0.0 -28.698859897580885
163.0 0.0 -28.65612232663732
164.0 0.0 -28.6158877937514
165.0 0.0 -28.578140477621726
166.0 0.0 -28.542865603751743
167.0 0.0 -28.51004943106126
168.0 0.0 -28.479679239131777
169.0 0.0 -28.451743316161494
170.0 0.0 -28.426230947694556
171.0 0.0 -28.403132406179942
172.0 0.0 -28.382438941406477
173.0 0.0 -28.36414277185405
174.0 0.0 -28.348237076995346
175.0 0.0 -28.334715990576452
176.0 0.0 -28.323574594901864
177.0 0.0 -28.314808916145186
178.0 0.0 -28.308415920703318
179.0 0.0 -28.304393512611043
180.0 0.0 -28.3027405320288
0.0 90.0 -28.634216808956285
1.0 90.0 -28.640074488408874
2.0 90.0 -28.648077907324524
3.0000000000000004 90.0 -28.658225592821793
4.0 90.0 -28.670514478933868
5.0 90.0 -28.68493990679123
6.000000000000001 90.0 -28.70149562398908
7.0 90.0 -28.72017378311712
8.0 90.0 -28.740964939427247
9.0 90.0 -28.763858047614725
10.0 90.0 -28.788840457688607
11.0 90.0 -28.8158979099044
12.000000000000002 90.0 -28.845014528734062
13.0 90.0 -28.876172815846566
14.0 90.0 -28.909353642072524
14.999999999999998 90.0 -28.944536238326922
16.0 90.0 -28.981698185463735
17.0 90.0 -29.020815403037705
18.0 90.0 -29.061862136949607
19.0 90.0 -29.104810945952604
20.0 90.0 -29.149632687000242
21.0 90.0 -29.19629649941919
22.0 90.0 -29.24476978789372
23.0 90.0 -29.295018204253658
24.000000000000004 90.0 -29.347005628062206
25.0 90.0 -29.400694146008558
26.0 90.0 -29.4560440301156
27.0 90.0 -29.513013714784613
28.0 90.0 -29.571559772708245
29.000000000000004 90.0 -29.63163688969553
29.999999999999996 90.0 -29.69319783846764
31.0 90.0 -29.756193451499083
32.0 90.0 -29.820572592997255
33.0 90.0 -29.886282130134155
34.0 90.0 -29.95326690366815
35.0 90.0 -30.021469698119148
36.0 90.0 -30.09083121168961
37.0 90.0 -30.161290026156532
38.0 90.0 -30.23278257699435
39.0 90.0 -30.305243124027733
40.0 90.0 -30.378603722955372
41.0 90.0 -30.452794198130984
42.0 90.0 -30.527742117037487
43.0 90.0 -30.603372766942087
44.0 90.0 -30.679609134276156
45.0 90.0 -30.756371887341473
46.0 90.0 -30.83357936300626
47.0 90.0 -30.911147558117452
48.00000000000001 90.0 -30.98899012641969
49.0 90.0 -31.06701838183717
50.0 90.0 -31.14514130903869
51.0 90.0 -31.22326558227012
52.0 90.0 -31.30129559349752
53.0 90.0 -31.37913349096019
54.0 90.0 -31.456679229281747
55.0 90.0 -31.53383063232689
56.0 90.0 -31.610483470021382
57.00000000000001 90.0 -31.686531550367846
58.00000000000001 90.0 -31.761866827889914
59.00000000000001 90.0 -31.836379529717025
59.99999999999999 90.0 -31.909958300481378
61.0 90.0 -31.982490367131113
62.0 90.0 -32.05386172467114
63.0 90.0 -32.123957343717066
64.0 90.0 -32.19266140059182
65.0 90.0 -32.259857530502735
66.0 90.0 -32.325429104110796
67.0 90.0 -32.38925952753909
68.0 90.0 -32.4512325655718
69.0 90.0 -32.51123268745988
70.0 90.0 -32.569145434388645
71.0 90.0 -32.624857807270914
72.0 90.0 -32.67825867311851
73.0 90.0 -32.72923918781862
74.0 90.0 -32.77769323271029
75.0 90.0 -32.82351786192816
76.0 90.0 -32.86661375706779
77.0 90.0 -32.90688568534031
78.0 90.0 -32.944242957035954
79.0 90.0 -32.97859987782029
80.0 90.0 -33.009876191153126
81.0 90.0 -33.03799750596242
82.0 90.0 -33.062895704631195
83.0 90.0 -33.08450932637546
84.0 90.0 -33.10278392120783
85.0 90.0 -33.11767236990262
86.0 90.0 -33.129135165696866
87.0 90.0 -33.137140653882646
88.0 90.0 -33.141665225954846
89.0 90.0 -33.14269346557054
90.0 90.0 -33.1402182442355
91.0 90.0 -33.13424076534557
92.0 90.0 -33.12477055595794
93.0 90.0 -33.111825406429936
94.0 90.0 -33.095431258822956
95.0 90.0 -33.07562204570485
96.00000000000001 90.0 -33.05243948167889
97.0 90.0 -33.025932810603045
98.0 90.0 -32.99615851202564
99.0 90.0 -32.96317997084108
100.0 90.0 -32.92706711455124
101.0 90.0 -32.8878960228026
102.0 90.0 -32.8457485140496
103.0 90.0 -32.80071171427646
104.0 90.0 -32.75287761269253
105.00000000000001 90.0 -32.70234260921163
106.0 90.0 -32.64920705833775
107.0 90.0 -32.593574813823096
108.0 90.0 -32.53555277814614
109.0 90.0 -32.47525046049717
110.0 90.0 -32.41277954655907
111.0 90.0 -32.34825348295388
112.0 90.0 -32.28178707879505
113.0 90.0 -32.213496126356596
114.00000000000001 90.0 -32.1434970424493
115.0 90.0 -32.07190653169079
116.00000000000001 90.0 -31.998841272477634
117.0 90.0 -31.924417626114124
118.00000000000001 90.0 -31.848751369236524
119.0 90.0 -31.771957449384303
119.99999999999999 90.0 -31.694149763323157
121.0 90.0 -31.61544095751106
122.0 90.0 -31.535942249920975
123.00000000000001 90.0 -31.4557632722903
124.0 90.0 -31.375011931754493
125.00000000000001 90.0 -31.293794290739484
126.0 90.0 -31.212214463931332
127.00000000000001 90.0 -31.130374531108174
128.0 90.0 -31.048374464608443
129.0 90.0 -30.966312070214506
130.0 90.0 -30.884282940252888
131.0 90.0 -30.802380417744534
132.0 90.0 -30.720695570483556
133.0 90.0 -30.639317173973815
134.0 90.0 -30.558331702209117
135.0 90.0 -30.477823325345327
136.0 90.0 -30.397873913375754
137.0 90.0 -30.318563044985275
138.0 90.0 -30.239968020825003
139.0 90.0 -30.16216388051117
140.0 90.0 -30.085223422716414
141.0 90.0 -30.009217227778635
142.0 90.0 -29.93421368231294
143.0 90.0 -29.860279005363477
144.0 90.0 -29.78747727568477
145.0 90.0 -29.715870459788572
146.0 90.0 -29.64551844043632
147.0 90.0 -29.57647904529896
148.0 90.0 -29.50880807554054
149.0 90.0 -29.442559334119203
150.0 90.0 -29.377784653626957
151.0 90.0 -29.314533923518965
152.0 90.0 -29.252855116607538
153.0 90.0 -29.19279431471823
154.0 90.0 -29.134395733425006
155.0 90.0 -29.077701745799246
156.0 90.0 -29.022752905122537
157.0 90.0 -28.96958796652612
158.0 90.0 -28.91824390753255
159.0 90.0 -28.868755947484047
160.0 90.0 -28.821157565851102
161.0 90.0 -28.77548051942265
162.0 90.0 -28.73175485838397
163.0 90.0 -28.69000894129481
164.0 90.0 -28.650269448984
165.0 90.0 -28.61256139737947
166.0 90.0 -28.5769081492966
167.0 90.0 -28.543331425208336
168.0 90.0 -28.511851313023143
169.0 90.0 -28.48248627689722
170.0 90.0 -28.45525316510802
171.0 90.0 -28.430167217017445
172.0 90.0 -28.407242069150684
173.0 90.0 -28.386489760419494
174.0 90.0 -28.36792073651587
175.0 90.0 -28.35154385350252
176.0 90.0 -28.337366380626044
177.0 90.0 -28.325394002377347
178.0 90.0 -28.315630819823564
179.0 90.0 -28.308079351234916
180.0 90.0 -28.302740532028807
