Theta(deg) RCS(dBsm)
    0.0000        -47.8453
    1.0000        -47.8467
    2.0000        -47.8508
    3.0000        -47.8576
    4.0000        -47.8672
    5.0000        -47.8795
    6.0000        -47.8945
    7.0000        -47.9123
    8.0000        -47.9329
    9.0000        -47.9562
   10.0000        -47.9824
   11.0000        -48.0113
   12.0000        -48.0431
   13.0000        -48.0777
   14.0000        -48.1151
   15.0000        -48.1555
   16.0000        -48.1987
   17.0000        -48.2449
   18.0000        -48.2940
   19.0000        -48.3462
   20.0000        -48.4013
   21.0000        -48.4596
   22.0000        -48.5209
   23.0000        -48.5853
   24.0000        -48.6530
   25.0000        -48.7238
   26.0000        -48.7980
   27.0000        -48.8754
   28.0000        -48.9563
   29.0000        -49.0405
   30.0000        -49.1283
   31.0000        -49.2197
   32.0000        -49.3147
   33.0000        -49.4134
   34.0000        -49.5159
   35.0000        -49.6223
   36.0000        -49.7326
   37.0000        -49.8470
   38.0000        -49.9656
   39.0000        -50.0885
   40.0000        -50.2158
   41.0000        -50.3476
   42.0000        -50.4840
   43.0000        -50.6253
   44.0000        -50.7715
   45.0000        -50.9228
   46.0000        -51.0794
   47.0000        -51.2415
   48.0000        -51.4093
   49.0000        -51.5830
   50.0000        -51.7628
   51.0000        -51.9490
   52.0000        -52.1419
   53.0000        -52.3417
   54.0000        -52.5489
   55.0000        -52.7636
   56.0000        -52.9864
   57.0000        -53.2176
   58.0000        -53.4577
   59.0000        -53.7072
   60.0000        -53.9666
   61.0000        -54.2365
   62.0000        -54.5177
   63.0000        -54.8109
   64.0000        -55.1168
   65.0000        -55.4365
   66.0000        -55.7709
   67.0000        -56.1213
   68.0000        -56.4889
   69.0000        -56.8754
   70.0000        -57.2824
   71.0000        -57.7120
   72.0000        -58.1665
   73.0000        -58.6487
   74.0000        -59.1618
   75.0000        -59.7097
   76.0000        -60.2971
   77.0000        -60.9297
   78.0000        -61.6147
   79.0000        -62.3610
   80.0000        -63.1801
   81.0000        -64.0872
   82.0000        -65.1029
   83.0000        -66.2561
   84.0000        -67.5890
   85.0000        -69.1670
   86.0000        -71.0998
   87.0000        -73.5928
   88.0000        -77.1066
   89.0000        -83.1080
   90.0000       -128.8039
   91.0000        -83.1803
   92.0000        -77.1428
   93.0000        -73.6169
   94.0000        -71.1180
   95.0000        -69.1816
   96.0000        -67.6011
   97.0000        -66.2666
   98.0000        -65.1121
   99.0000        -64.0954
  100.0000        -63.1875
  101.0000        -62.3677
  102.0000        -61.6209
  103.0000        -60.9355
  104.0000        -60.3025
  105.0000        -59.7148
  106.0000        -59.1666
  107.0000        -58.6532
  108.0000        -58.1708
  109.0000        -57.7161
  110.0000        -57.2864
  111.0000        -56.8792
  112.0000        -56.4926
  113.0000        -56.1248
  114.0000        -55.7743
  115.0000        -55.4398
  116.0000        -55.1200
  117.0000        -54.8140
  118.0000        -54.5208
  119.0000        -54.2395
  120.0000        -53.9695
  121.0000        -53.7100
  122.0000        -53.4605
  123.0000        -53.2203
  124.0000        -52.9891
  125.0000        -52.7663
  126.0000        -52.5515
  127.0000        -52.3443
  128.0000        -52.1444
  129.0000        -51.9515
  130.0000        -51.7653
  131.0000        -51.5854
  132.0000        -51.4117
  133.0000        -51.2439
  134.0000        -51.0818
  135.0000        -50.9252
  136.0000        -50.7738
  137.0000        -50.6276
  138.0000        -50.4863
  139.0000        -50.3498
  140.0000        -50.2180
  141.0000        -50.0907
  142.0000        -49.9678
  143.0000        -49.8492
  144.0000        -49.7348
  145.0000        -49.6244
  146.0000        -49.5180
  147.0000        -49.4155
  148.0000        -49.3168
  149.0000        -49.2218
  150.0000        -49.1304
  151.0000        -49.0427
  152.0000        -48.9584
  153.0000        -48.8775
  154.0000        -48.8001
  155.0000        -48.7259
  156.0000        -48.6550
  157.0000        -48.5874
  158.0000        -48.5229
  159.0000        -48.4616
  160.0000        -48.4034
  161.0000        -48.3482
  162.0000        -48.2961
  163.0000        -48.2469
  164.0000        -48.2008
  165.0000        -48.1575
  166.0000        -48.1172
  167.0000        -48.0797
  168.0000        -48.0451
  169.0000        -48.0133
  170.0000        -47.9844
  171.0000        -47.9583
  172.0000        -47.9349
  173.0000        -47.9144
  174.0000        -47.8966
  175.0000        -47.8815
  176.0000        -47.8692
  177.0000        -47.8596
  178.0000        -47.8528
  179.0000        -47.8487
  180.0000        -47.8474
